38.87440
38.88703
38.89966
38.91228
38.92491
38.93753
38.95015
38.96276
38.97538
38.98799
39.00060
39.01320
39.02581
39.03841
39.05101
39.06361
39.07621
39.08880
39.10139
39.11398
39.12657
39.13915
39.15174
39.16432
39.17690
39.18947
39.20204
39.21462
39.22719
39.23975
39.25232
39.26488
39.27744
39.29000
39.30255
39.31511
39.32766
39.34021
39.35275
39.36530
39.37784
39.39038
39.40292
39.41545
39.42799
39.44052
39.45304
39.46557
39.47809
39.49062
39.50314
39.51565
39.52817
39.54068
39.55319
39.56570
39.57821
39.59071
39.60321
39.61571
39.62821
39.64070
39.65320
39.66569
39.67817
39.69066
39.70314
39.71562
39.72810
39.74058
39.75305
39.76553
39.77800
39.79046
39.80293
39.81539
39.82785
39.84031
39.85277
39.86522
39.87767
39.89012
39.90257
39.91502
39.92746
39.93990
39.95234
39.96477
39.97721
39.98964
40.00207
40.01449
40.02692
40.03934
40.05176
40.06418
40.07660
40.08901
40.10142
40.11383
40.12624
40.13864
40.15104
40.16344
40.17584
40.18823
40.20063
40.21302
40.22541
40.23779
40.25018
40.26256
40.27494
40.28732
40.29969
40.31206
40.32443
40.33680
40.34917
40.36153
40.37389
40.38625
40.39861
40.41096
40.42331
40.43566
40.44801
40.46036
40.47270
40.48504
40.49738
40.50972
40.52205
40.53438
40.54671
40.55904
40.57136
40.58369
40.59601
40.60833
40.62064
40.63295
40.64527
40.65758
40.66988
40.68219
40.69449
40.70679
40.71909
40.73138
40.74368
40.75597
40.76825
40.78054
40.79283
40.80511
40.81739
40.82966
40.84194
40.85421
40.86648
40.87875
40.89102
40.90328
40.91554
40.92780
40.94006
40.95231
40.96456
40.97681
40.98906
41.00131
41.01355
41.02579
41.03803
41.05027
41.06250
41.07473
41.08696
41.09919
41.11141
41.12364
41.13586
41.14808
41.16029
41.17250
41.18472
41.19693
41.20913
41.22134
41.23354
41.24574
41.25794
41.27013
41.28232
41.29452
41.30670
41.31889
41.33107
41.34326
41.35544
41.36761
41.37979
41.39196
41.40413
41.41630
41.42846
41.44063
41.45279
41.46495
41.47710
41.48926
41.50141
41.51356
41.52571
41.53785
41.55000
41.56214
41.57428
41.58641
41.59855
41.61068
41.62281
41.63493
41.64706
41.65918
41.67130
41.68342
41.69553
41.70765
41.71976
41.73187
41.74397
41.75608
41.76818
41.78028
41.79238
41.80447
41.81656
41.82866
41.84074
41.85283
41.86491
41.87699
41.88907
41.90115
41.91322
41.92530
41.93737
41.94943
41.96150
41.97356
41.98562
41.99768
42.00974
42.02179
42.03384
42.04589
42.05794
42.06999
42.08203
42.09407
42.10611
42.11814
42.13018
42.14221
42.15424
42.16626
42.17829
42.19031
42.20233
42.21435
42.22636
42.23837
42.25038
42.26239
42.27440
42.28640
42.29840
42.31040
42.32240
42.33439
42.34639
42.35838
42.37036
42.38235
42.39433
42.40631
42.41829
42.43027
42.44224
42.45421
42.46618
42.47815
42.49011
42.50208
42.51404
42.52599
42.53795
42.54990
42.56185
42.57380
42.58575
42.59769
42.60964
42.62158
42.63351
42.64545
42.65738
42.66931
42.68124
42.69316
42.70509
42.71701
42.72893
42.74085
42.75276
42.76467
42.77658
42.78849
42.80039
42.81230
42.82420
42.83610
42.84799
42.85989
42.87178
42.88367
42.89555
42.90744
42.91932
42.93120
42.94308
42.95495
42.96683
42.97870
42.99057
43.00243
43.01430
43.02616
43.03802
43.04988
43.06173
43.07358
43.08543
43.09728
43.10913
43.12097
43.13281
43.14465
43.15649
43.16832
43.18015
43.19198
43.20381
43.21564
43.22746
43.23928
43.25110
43.26291
43.27473
43.28654
43.29835
43.31015
43.32196
43.33376
43.34556
43.35736
43.36915
43.38095
43.39274
43.40452
43.41631
43.42809
43.43988
43.45165
43.46343
43.47521
43.48698
43.49875
43.51052
43.52228
43.53404
43.54581
43.55756
43.56932
43.58107
43.59283
43.60458
43.61632
43.62807
43.63981
43.65155
43.66329
43.67502
43.68676
43.69849
43.71022
43.72194
43.73367
43.74539
43.75711
43.76883
43.78054
43.79225
43.80396
43.81567
43.82738
43.83908
43.85078
43.86248
43.87418
43.88587
43.89756
43.90925
43.92094
43.93263
43.94431
43.95599
43.96767
43.97934
43.99102
44.00269
44.01436
44.02602
44.03769
44.04935
44.06101
44.07267
44.08432
44.09598
44.10763
44.11928
44.13092
44.14257
44.15421
44.16585
44.17748
44.18912
44.20075
44.21238
44.22401
44.23563
44.24726
44.25888
44.27050
44.28211
44.29373
44.30534
44.31695
44.32855
44.34016
44.35176
44.36336
44.37496
44.38655
44.39815
44.40974
44.42133
44.43291
44.44450
44.45608
44.46766
44.47924
44.49081
44.50238
44.51395
44.52552
44.53709
44.54865
44.56021
44.57177
44.58333
44.59488
44.60643
44.61798
44.62953
44.64108
44.65262
44.66416
44.67570
44.68723
44.69877
44.71030
44.72183
44.73335
44.74488
44.75640
44.76792
44.77944
44.79095
44.80247
44.81398
44.82548
44.83699
44.84849
44.86000
44.87149
44.88299
44.89449
44.90598
44.91747
44.92896
44.94044
44.95192
44.96340
44.97488
44.98636
44.99783
45.00930
45.02077
45.03224
45.04371
45.05517
45.06663
45.07809
45.08954
45.10099
45.11245
45.12389
45.13534
45.14678
45.15823
45.16966
45.18110
45.19254
45.20397
45.21540
45.22683
45.23825
45.24968
45.26110
45.27252
45.28393
45.29535
45.30676
45.31817
45.32958
45.34098
45.35238
45.36378
45.37518
45.38658
45.39797
45.40936
45.42075
45.43214
45.44352
45.45490
45.46628
45.47766
45.48903
45.50041
45.51178
45.52315
45.53451
45.54588
45.55724
45.56860
45.57995
45.59131
45.60266
45.61401
45.62536
45.63670
45.64804
45.65939
45.67072
45.68206
45.69339
45.70472
45.71605
45.72738
45.73871
45.75003
45.76135
45.77267
45.78398
45.79529
45.80660
45.81791
45.82922
45.84052
45.85182
45.86312
45.87442
45.88572
45.89701
45.90830
45.91959
45.93087
45.94215
45.95344
45.96471
45.97599
45.98726
45.99854
46.00981
46.02107
46.03234
46.04360
46.05486
46.06612
46.07737
46.08863
46.09988
46.11113
46.12237
46.13362
46.14486
46.15610
46.16734
46.17857
46.18980
46.20103
46.21226
46.22349
46.23471
46.24593
46.25715
46.26837
46.27958
46.29080
46.30200
46.31321
46.32442
46.33562
46.34682
46.35802
46.36922
46.38041
46.39160
46.40279
46.41398
46.42516
46.43634
46.44752
46.45870
46.46988
46.48105
46.49222
46.50339
46.51455
46.52572
46.53688
46.54804
46.55920
46.57035
46.58150
46.59265
46.60380
46.61495
46.62609
46.63723
46.64837
46.65951
46.67064
46.68177
46.69290
46.70403
46.71515
46.72628
46.73740
46.74851
46.75963
46.77074
46.78185
46.79296
46.80407
46.81517
46.82628
46.83738
46.84847
46.85957
46.87066
46.88175
46.89284
46.90393
46.91501
46.92609
46.93717
46.94825
46.95932
46.97039
46.98146
46.99253
47.00360
47.01466
47.02572
47.03678
47.04783
47.05889
47.06994
47.08099
47.09204
47.10308
47.11412
47.12516
47.13620
47.14724
47.15827
47.16930
47.18033
47.19135
47.20238
47.21340
47.22442
47.23544
47.24645
47.25746
47.26848
47.27948
47.29049
47.30149
47.31249
47.32349
47.33449
47.34548
47.35648
47.36746
47.37845
47.38944
47.40042
47.41140
47.42238
47.43335
47.44433
47.45530
47.46627
47.47724
47.48820
47.49916
47.51012
47.52108
47.53204
47.54299
47.55394
47.56489
47.57583
47.58678
47.59772
47.60866
47.61960
47.63053
47.64146
47.65239
47.66332
47.67425
47.68517
47.69609
47.70701
47.71793
47.72884
47.73975
47.75066
47.76157
47.77248
47.78338
47.79428
47.80518
47.81607
47.82697
47.83786
47.84875
47.85963
47.87052
47.88140
47.89228
47.90316
47.91403
47.92491
47.93578
47.94665
47.95751
47.96838
47.97924
47.99010
48.00095
48.01181
48.02266
48.03351
48.04436
48.05520
48.06605
48.07689
48.08773
48.09856
48.10940
48.12023
48.13106
48.14189
48.15271
48.16354
48.17436
48.18517
48.19599
48.20680
48.21761
48.22842
48.23923
48.25004
48.26084
48.27164
48.28244
48.29323
48.30402
48.31481
48.32560
48.33639
48.34717
48.35796
48.36873
48.37951
48.39029
48.40106
48.41183
48.42260
48.43336
48.44413
48.45489
48.46565
48.47640
48.48716
48.49791
48.50866
48.51941
48.53015
48.54090
48.55164
48.56237
48.57311
48.58384
48.59458
48.60531
48.61603
48.62676
48.63748
48.64820
48.65892
48.66963
48.68035
48.69106
48.70177
48.71247
48.72318
48.73388
48.74458
48.75528
48.76597
48.77666
48.78735
48.79804
48.80873
48.81941
48.83009
48.84077
48.85145
48.86212
48.87280
48.88347
48.89413
48.90480
48.91546
48.92612
48.93678
48.94744
48.95809
48.96875
48.97939
48.99004
49.00069
49.01133
49.02197
49.03261
49.04324
49.05388
49.06451
49.07514
49.08577
49.09639
49.10701
49.11763
49.12825
49.13887
49.14948
49.16009
49.17070
49.18130
49.19191
49.20251
49.21311
49.22371
49.23430
49.24490
49.25549
49.26607
49.27666
49.28724
49.29783
49.30840
49.31898
49.32956
49.34013
49.35070
49.36127
49.37183
49.38239
49.39296
49.40351
49.41407
49.42462
49.43518
49.44573
49.45627
49.46682
49.47736
49.48790
49.49844
49.50898
49.51951
49.53004
49.54057
49.55110
49.56162
49.57214
49.58266
49.59318
49.60370
49.61421
49.62472
49.63523
49.64574
49.65624
49.66674
49.67724
49.68774
49.69824
49.70873
49.71922
49.72971
49.74019
49.75068
49.76116
49.77164
49.78212
49.79259
49.80306
49.81353
49.82400
49.83447
49.84493
49.85539
49.86585
49.87631
49.88676
49.89721
49.90766
49.91811
49.92856
49.93900
49.94944
49.95988
49.97032
49.98075
49.99118
50.00161
50.01204
50.02246
50.03289
50.04331
50.05372
50.06414
50.07455
50.08496
50.09537
50.10578
50.11619
50.12659
50.13699
50.14739
50.15778
50.16817
50.17857
50.18895
50.19934
50.20973
50.22011
50.23049
50.24086
50.25124
50.26161
50.27198
50.28235
50.29272
50.30308
50.31344
50.32380
50.33416
50.34452
50.35487
50.36522
50.37557
50.38591
50.39626
50.40660
50.41694
50.42727
50.43761
50.44794
50.45827
50.46860
50.47892
50.48925
50.49957
50.50989
50.52020
50.53052
50.54083
50.55114
50.56145
50.57175
50.58206
50.59236
50.60266
