-92.41060
-92.39443
-92.37826
-92.36209
-92.34592
-92.32975
-92.31358
-92.29741
-92.28124
-92.26507
-92.24890
-92.23273
-92.21656
-92.20039
-92.18422
-92.16805
-92.15188
-92.13572
-92.11955
-92.10338
-92.08721
-92.07104
-92.05487
-92.03870
-92.02253
-92.00636
-91.99019
-91.97402
-91.95785
-91.94168
-91.92551
-91.90934
-91.89317
-91.87700
-91.86083
-91.84466
-91.82849
-91.81232
-91.79615
-91.77998
-91.76381
-91.74764
-91.73147
-91.71530
-91.69913
-91.68296
-91.66679
-91.65062
-91.63445
-91.61828
-91.60212
-91.58595
-91.56978
-91.55361
-91.53744
-91.52127
-91.50510
-91.48893
-91.47276
-91.45659
-91.44042
-91.42425
-91.40808
-91.39191
-91.37574
-91.35957
-91.34340
-91.32723
-91.31106
-91.29489
-91.27872
-91.26255
-91.24638
-91.23021
-91.21404
-91.19787
-91.18170
-91.16553
-91.14936
-91.13319
-91.11702
-91.10085
-91.08468
-91.06852
-91.05235
-91.03618
-91.02001
-91.00384
-90.98767
-90.97150
-90.95533
-90.93916
-90.92299
-90.90682
-90.89065
-90.87448
-90.85831
-90.84214
-90.82597
-90.80980
-90.79363
-90.77746
-90.76129
-90.74512
-90.72895
-90.71278
-90.69661
-90.68044
-90.66427
-90.64810
-90.63193
-90.61576
-90.59959
-90.58342
-90.56725
-90.55108
-90.53492
-90.51875
-90.50258
-90.48641
-90.47024
-90.45407
-90.43790
-90.42173
-90.40556
-90.38939
-90.37322
-90.35705
-90.34088
-90.32471
-90.30854
-90.29237
-90.27620
-90.26003
-90.24386
-90.22769
-90.21152
-90.19535
-90.17918
-90.16301
-90.14684
-90.13067
-90.11450
-90.09833
-90.08216
-90.06599
-90.04982
-90.03365
-90.01748
-90.00132
-89.98515
-89.96898
-89.95281
-89.93664
-89.92047
-89.90430
-89.88813
-89.87196
-89.85579
-89.83962
-89.82345
-89.80728
-89.79111
-89.77494
-89.75877
-89.74260
-89.72643
-89.71026
-89.69409
-89.67792
-89.66175
-89.64558
-89.62941
-89.61324
-89.59707
-89.58090
-89.56473
-89.54856
-89.53239
-89.51622
-89.50005
-89.48388
-89.46772
-89.45155
-89.43538
-89.41921
-89.40304
-89.38687
-89.37070
-89.35453
-89.33836
-89.32219
-89.30602
-89.28985
-89.27368
-89.25751
-89.24134
-89.22517
-89.20900
-89.19283
-89.17666
-89.16049
-89.14432
-89.12815
-89.11198
-89.09581
-89.07964
-89.06347
-89.04730
-89.03113
-89.01496
-88.99879
-88.98262
-88.96645
-88.95028
-88.93412
-88.91795
-88.90178
-88.88561
-88.86944
-88.85327
-88.83710
-88.82093
-88.80476
-88.78859
-88.77242
-88.75625
-88.74008
-88.72391
-88.70774
-88.69157
-88.67540
-88.65923
-88.64306
-88.62689
-88.61072
-88.59455
-88.57838
-88.56221
-88.54604
-88.52987
-88.51370
-88.49753
-88.48136
-88.46519
-88.44902
-88.43285
-88.41668
-88.40052
-88.38435
-88.36818
-88.35201
-88.33584
-88.31967
-88.30350
-88.28733
-88.27116
-88.25499
-88.23882
-88.22265
-88.20648
-88.19031
-88.17414
-88.15797
-88.14180
-88.12563
-88.10946
-88.09329
-88.07712
-88.06095
-88.04478
-88.02861
-88.01244
-87.99627
-87.98010
-87.96393
-87.94776
-87.93159
-87.91542
-87.89925
-87.88308
-87.86692
-87.85075
-87.83458
-87.81841
-87.80224
-87.78607
-87.76990
-87.75373
-87.73756
-87.72139
-87.70522
-87.68905
-87.67288
-87.65671
-87.64054
-87.62437
-87.60820
-87.59203
-87.57586
-87.55969
-87.54352
-87.52735
-87.51118
-87.49501
-87.47884
-87.46267
-87.44650
-87.43033
-87.41416
-87.39799
-87.38182
-87.36565
-87.34948
-87.33332
-87.31715
-87.30098
-87.28481
-87.26864
-87.25247
-87.23630
-87.22013
-87.20396
-87.18779
-87.17162
-87.15545
-87.13928
-87.12311
-87.10694
-87.09077
-87.07460
-87.05843
-87.04226
-87.02609
-87.00992
-86.99375
-86.97758
-86.96141
-86.94524
-86.92907
-86.91290
-86.89673
-86.88056
-86.86439
-86.84822
-86.83205
-86.81588
-86.79972
-86.78355
-86.76738
-86.75121
-86.73504
-86.71887
-86.70270
-86.68653
-86.67036
-86.65419
-86.63802
-86.62185
-86.60568
-86.58951
-86.57334
-86.55717
-86.54100
-86.52483
-86.50866
-86.49249
-86.47632
-86.46015
-86.44398
-86.42781
-86.41164
-86.39547
-86.37930
-86.36313
-86.34696
-86.33079
-86.31462
-86.29845
-86.28228
-86.26612
-86.24995
-86.23378
-86.21761
-86.20144
-86.18527
-86.16910
-86.15293
-86.13676
-86.12059
-86.10442
-86.08825
-86.07208
-86.05591
-86.03974
-86.02357
-86.00740
-85.99123
-85.97506
-85.95889
-85.94272
-85.92655
-85.91038
-85.89421
-85.87804
-85.86187
-85.84570
-85.82953
-85.81336
-85.79719
-85.78102
-85.76485
-85.74868
-85.73252
-85.71635
-85.70018
-85.68401
-85.66784
-85.65167
-85.63550
-85.61933
-85.60316
-85.58699
-85.57082
-85.55465
-85.53848
-85.52231
-85.50614
-85.48997
-85.47380
-85.45763
-85.44146
-85.42529
-85.40912
-85.39295
-85.37678
-85.36061
-85.34444
-85.32827
-85.31210
-85.29593
-85.27976
-85.26359
-85.24742
-85.23125
-85.21508
-85.19892
-85.18275
-85.16658
-85.15041
-85.13424
-85.11807
-85.10190
-85.08573
-85.06956
-85.05339
-85.03722
-85.02105
-85.00488
-84.98871
-84.97254
-84.95637
-84.94020
-84.92403
-84.90786
-84.89169
-84.87552
-84.85935
-84.84318
-84.82701
-84.81084
-84.79467
-84.77850
-84.76233
-84.74616
-84.72999
-84.71382
-84.69765
-84.68148
-84.66532
-84.64915
-84.63298
-84.61681
-84.60064
-84.58447
-84.56830
-84.55213
-84.53596
-84.51979
-84.50362
-84.48745
-84.47128
-84.45511
-84.43894
-84.42277
-84.40660
-84.39043
-84.37426
-84.35809
-84.34192
-84.32575
-84.30958
-84.29341
-84.27724
-84.26107
-84.24490
-84.22873
-84.21256
-84.19639
-84.18022
-84.16405
-84.14788
-84.13172
-84.11555
-84.09938
-84.08321
-84.06704
-84.05087
-84.03470
-84.01853
-84.00236
-83.98619
-83.97002
-83.95385
-83.93768
-83.92151
-83.90534
-83.88917
-83.87300
-83.85683
-83.84066
-83.82449
-83.80832
-83.79215
-83.77598
-83.75981
-83.74364
-83.72747
-83.71130
-83.69513
-83.67896
-83.66279
-83.64662
-83.63045
-83.61428
-83.59812
-83.58195
-83.56578
-83.54961
-83.53344
-83.51727
-83.50110
-83.48493
-83.46876
-83.45259
-83.43642
-83.42025
-83.40408
-83.38791
-83.37174
-83.35557
-83.33940
-83.32323
-83.30706
-83.29089
-83.27472
-83.25855
-83.24238
-83.22621
-83.21004
-83.19387
-83.17770
-83.16153
-83.14536
-83.12919
-83.11302
-83.09685
-83.08068
-83.06452
-83.04835
-83.03218
-83.01601
-82.99984
-82.98367
-82.96750
-82.95133
-82.93516
-82.91899
-82.90282
-82.88665
-82.87048
-82.85431
-82.83814
-82.82197
-82.80580
-82.78963
-82.77346
-82.75729
-82.74112
-82.72495
-82.70878
-82.69261
-82.67644
-82.66027
-82.64410
-82.62793
-82.61176
-82.59559
-82.57942
-82.56325
-82.54708
-82.53092
-82.51475
-82.49858
-82.48241
-82.46624
-82.45007
-82.43390
-82.41773
-82.40156
-82.38539
-82.36922
-82.35305
-82.33688
-82.32071
-82.30454
-82.28837
-82.27220
-82.25603
-82.23986
-82.22369
-82.20752
-82.19135
-82.17518
-82.15901
-82.14284
-82.12667
-82.11050
-82.09433
-82.07816
-82.06199
-82.04582
-82.02965
-82.01348
-81.99732
-81.98115
-81.96498
-81.94881
-81.93264
-81.91647
-81.90030
-81.88413
-81.86796
-81.85179
-81.83562
-81.81945
-81.80328
-81.78711
-81.77094
-81.75477
-81.73860
-81.72243
-81.70626
-81.69009
-81.67392
-81.65775
-81.64158
-81.62541
-81.60924
-81.59307
-81.57690
-81.56073
-81.54456
-81.52839
-81.51222
-81.49605
-81.47988
-81.46372
-81.44755
-81.43138
-81.41521
-81.39904
-81.38287
-81.36670
-81.35053
-81.33436
-81.31819
-81.30202
-81.28585
-81.26968
-81.25351
-81.23734
-81.22117
-81.20500
-81.18883
-81.17266
-81.15649
-81.14032
-81.12415
-81.10798
-81.09181
-81.07564
-81.05947
-81.04330
-81.02713
-81.01096
-80.99479
-80.97862
-80.96245
-80.94628
-80.93012
-80.91395
-80.89778
-80.88161
-80.86544
-80.84927
-80.83310
-80.81693
-80.80076
-80.78459
-80.76842
-80.75225
-80.73608
-80.71991
-80.70374
-80.68757
-80.67140
-80.65523
-80.63906
-80.62289
-80.60672
-80.59055
-80.57438
-80.55821
-80.54204
-80.52587
-80.50970
-80.49353
-80.47736
-80.46119
-80.44502
-80.42885
-80.41268
-80.39652
-80.38035
-80.36418
-80.34801
-80.33184
-80.31567
-80.29950
-80.28333
-80.26716
-80.25099
-80.23482
-80.21865
-80.20248
-80.18631
-80.17014
-80.15397
-80.13780
-80.12163
-80.10546
-80.08929
-80.07312
-80.05695
-80.04078
-80.02461
-80.00844
-79.99227
-79.97610
-79.95993
-79.94376
-79.92759
-79.91142
-79.89525
-79.87908
-79.86292
-79.84675
-79.83058
-79.81441
-79.79824
-79.78207
-79.76590
-79.74973
-79.73356
-79.71739
-79.70122
-79.68505
-79.66888
-79.65271
-79.63654
-79.62037
-79.60420
-79.58803
-79.57186
-79.55569
-79.53952
-79.52335
-79.50718
-79.49101
-79.47484
-79.45867
-79.44250
-79.42633
-79.41016
-79.39399
-79.37782
-79.36165
-79.34548
-79.32932
-79.31315
-79.29698
-79.28081
-79.26464
-79.24847
-79.23230
-79.21613
-79.19996
-79.18379
-79.16762
-79.15145
-79.13528
-79.11911
-79.10294
-79.08677
-79.07060
-79.05443
-79.03826
-79.02209
-79.00592
-78.98975
-78.97358
-78.95741
-78.94124
-78.92507
-78.90890
-78.89273
-78.87656
-78.86039
-78.84422
-78.82805
-78.81188
-78.79572
-78.77955
-78.76338
-78.74721
-78.73104
-78.71487
-78.69870
-78.68253
-78.66636
-78.65019
-78.63402
-78.61785
-78.60168
-78.58551
-78.56934
-78.55317
-78.53700
-78.52083
-78.50466
-78.48849
-78.47232
-78.45615
-78.43998
-78.42381
-78.40764
-78.39147
-78.37530
-78.35913
-78.34296
-78.32679
-78.31062
-78.29445
-78.27828
-78.26212
-78.24595
-78.22978
-78.21361
-78.19744
-78.18127
-78.16510
-78.14893
-78.13276
-78.11659
-78.10042
-78.08425
-78.06808
-78.05191
-78.03574
-78.01957
-78.00340
-77.98723
-77.97106
-77.95489
-77.93872
-77.92255
-77.90638
-77.89021
-77.87404
-77.85787
-77.84170
-77.82553
-77.80936
-77.79319
-77.77702
-77.76085
-77.74468
-77.72852
-77.71235
-77.69618
-77.68001
-77.66384
-77.64767
-77.63150
-77.61533
-77.59916
-77.58299
-77.56682
-77.55065
-77.53448
-77.51831
-77.50214
-77.48597
-77.46980
-77.45363
-77.43746
-77.42129
-77.40512
-77.38895
-77.37278
-77.35661
-77.34044
-77.32427
-77.30810
-77.29193
-77.27576
-77.25959
-77.24342
-77.22725
-77.21108
-77.19492
-77.17875
-77.16258
-77.14641
-77.13024
-77.11407
-77.09790
-77.08173
-77.06556
-77.04939
-77.03322
-77.01705
-77.00088
-76.98471
-76.96854
-76.95237
-76.93620
-76.92003
-76.90386
-76.88769
-76.87152
-76.85535
-76.83918
-76.82301
-76.80684
-76.79067
-76.77450
-76.75833
-76.74216
-76.72599
-76.70982
-76.69365
-76.67748
-76.66132
-76.64515
-76.62898
-76.61281
-76.59664
-76.58047
-76.56430
-76.54813
-76.53196
-76.51579
-76.49962
-76.48345
-76.46728
-76.45111
-76.43494
-76.41877
-76.40260
-76.38643
-76.37026
-76.35409
-76.33792
-76.32175
-76.30558
-76.28941
-76.27324
-76.25707
-76.24090
-76.22473
-76.20856
-76.19239
-76.17622
-76.16005
-76.14388
-76.12772
-76.11155
-76.09538
-76.07921
-76.06304
-76.04687
-76.03070
-76.01453
-75.99836
-75.98219
-75.96602
-75.94985
-75.93368
-75.91751
-75.90134
-75.88517
-75.86900
